
    1.4504
    6.8389
    6.7964
    3.9780
    9.9458
    6.6260
    6.8063
    5.9378
    6.8448
    5.2573
    7.5101
    1.8869
    0.1604
    5.3629
    9.7487
    4.0393
    5.3426
    2.2533
    3.8658
    8.4144
    2.2557
    6.3532
    1.8124
   10.5924
    5.5212
    8.5253
    4.4299
    8.4481
    4.5913
    2.4948
   15.5895
    6.9298
    7.5111
    1.3773
    5.9353
    3.7814
    5.2497
   10.8893
    6.7247
    3.6547
    1.7276
    4.6495
   17.2711
    4.9085
    0.7702
    0.9063
    2.2095
    2.9198
    2.7954
    6.8947
    3.7866
    2.3018
    1.8813
    4.7089
    1.6615
    7.2450
    1.9050
    3.5797
    3.5657
    2.3328
    6.0074
    4.4326
    8.5722
    3.5112
    3.6069
    3.5456
    2.0426
    2.9447
    7.8369
    4.2746
    2.3827
    3.9529
    9.6534
    2.8203
    2.2857
   16.8345
    5.3032
    2.2522
    7.1057
    0.4568
    5.3912
    5.8037
    4.8969
    7.3987
    5.8157
    3.4203
    8.1686
    9.2049
    4.1366
    3.7238
    4.4015
    7.2485
    5.8584
    6.4467
    1.9538
    5.3016
    6.0340
    2.1106
    3.9174
   11.4111